#costs
#C_WAITING = 2 #cost of waiting for an OR, per minute
#C_OVERTIME = 10 #cost of working overtime, per minute
#C_IDLE = 1 #cost of waiting for a surgery, per minute


specialty #patients, #emergencies - estimated cost (start times) - idle,waiting,overtime costs
t CAR 0 0 - 480 () 480 0 0
t CAR 0 1 - 359 (0,) 359 0 0
t CAR 0 2 - 250 (0, 179) 239 10 0
t CAR 0 3 - 244 (0, 142, 298) 130 61 52
t CAR 1 0 - 380 (0,) 380 0 0
t CAR 1 1 - 264 (0, 179) 261 2 0
t CAR 1 2 - 228 (0, 127, 298) 148 39 39
t CAR 1 3 - 534 (0, 98, 229, 355) 74 193 266
t CAR 2 0 - 290 (0, 151) 281 8 0
t CAR 2 1 - 219 (0, 143, 282) 166 29 23
t CAR 2 2 - 458 (0, 96, 216, 340) 82 173 202
t CAR 2 3 - 1091 (0, 79, 187, 306, 421) 52 384 654
t CAR 3 0 - 219 (0, 148, 300) 185 21 12
t CAR 3 1 - 393 (0, 101, 213, 337) 92 148 152
t CAR 3 2 - 969 (0, 79, 187, 294, 410) 55 351 562
t CAR 3 3 - 1770 (0, 79, 174, 285, 410, 517) 58 530 1181
t CAR 4 0 - 345 (0, 102, 221, 339) 102 141 100
t CAR 4 1 - 867 (0, 83, 192, 291, 394) 57 338 471
t CAR 4 2 - 1646 (0, 82, 183, 291, 406, 510) 64 474 1107
t CAR 4 3 - 2460 (0, 74, 193, 302, 407, 526, 635) 79 601 1779
t CAR 5 0 - 771 (0, 81, 196, 299, 405) 63 314 393
t CAR 5 1 - 1527 (0, 83, 189, 292, 387, 494) 61 477 988
t CAR 5 2 - 2333 (0, 86, 191, 303, 404, 517, 637) 84 543 1704
t CAR 5 3 - 3153 (0, 88, 180, 300, 406, 526, 650, 757) 99 679 2374
t CAR 6 0 - 1421 (0, 82, 186, 292, 389, 490) 60 482 878
t CAR 6 1 - 2216 (0, 80, 188, 292, 400, 514, 624) 83 543 1589
t CAR 6 2 - 3023 (0, 88, 187, 291, 403, 512, 624, 735) 93 688 2240
t CAR 6 3 - 3847 (0, 87, 187, 306, 414, 514, 624, 746, 866) 109 815 2923
t CAR 7 0 - 2111 (0, 74, 190, 297, 402, 503, 617) 79 563 1468
t CAR 7 1 - 2911 (0, 88, 196, 297, 412, 518, 610, 717) 92 683 2135
t CAR 7 2 - 3731 (0, 91, 194, 302, 411, 514, 624, 745, 861) 114 770 2846
t CAR 7 3 - 4546 (0, 91, 193, 299, 415, 518, 627, 742, 871, 968) 124 929 3492
t CAR 8 0 - 2807 (0, 80, 186, 303, 403, 510, 612, 718) 90 694 2022
t CAR 8 1 - 3617 (0, 99, 206, 313, 420, 539, 649, 756, 867) 129 673 2814
t CAR 8 2 - 4425 (0, 94, 196, 311, 413, 537, 641, 737, 851, 976) 132 863 3429
t CAR 8 3 - 5257 (0, 102, 204, 319, 429, 531, 635, 749, 874, 998, 1116) 155 954 4147
t GAS 0 0 - 480 () 480 0 0
t GAS 0 1 - 359 (0,) 359 0 0
t GAS 0 2 - 250 (0, 179) 239 10 0
t GAS 0 3 - 246 (0, 149, 308) 132 53 60
t GAS 1 0 - 346 (0,) 346 0 0
t GAS 1 1 - 253 (0, 179) 227 24 1
t GAS 1 2 - 286 (0, 155, 310) 123 81 81
t GAS 1 3 - 721 (0, 115, 251, 377) 65 269 387
t GAS 2 0 - 236 (0, 207) 215 12 7
t GAS 2 1 - 330 (0, 140, 312) 115 108 107
t GAS 2 2 - 817 (0, 112, 262, 392) 66 290 460
t GAS 2 3 - 1596 (0, 121, 252, 379, 502) 68 454 1072
t GAS 3 0 - 379 (0, 137, 306) 111 116 152
t GAS 3 1 - 903 (0, 106, 248, 379) 60 348 494
t GAS 3 2 - 1697 (0, 114, 248, 388, 506) 68 493 1135
t GAS 3 3 - 2538 (0, 116, 269, 407, 542, 649) 93 580 1864
t GAS 4 0 - 968 (0, 117, 251, 390) 65 322 579
t GAS 4 1 - 1786 (0, 107, 243, 381, 509) 66 528 1190
t GAS 4 2 - 2631 (0, 116, 244, 393, 528, 652) 86 656 1888
t GAS 4 3 - 3480 (0, 128, 261, 396, 552, 682, 806) 113 739 2627
t GAS 5 0 - 1848 (0, 116, 245, 379, 501) 65 535 1247
t GAS 5 1 - 2724 (0, 113, 240, 382, 522, 650) 83 703 1937
t GAS 5 2 - 3587 (0, 117, 254, 386, 529, 656, 779) 98 880 2608
t GAS 5 3 - 4433 (0, 125, 264, 404, 537, 677, 806, 925) 120 992 3320
t GAS 6 0 - 2792 (0, 122, 256, 394, 538, 670) 94 638 2059
t GAS 6 1 - 3663 (0, 121, 259, 404, 557, 695, 811) 117 779 2766
t GAS 6 2 - 4525 (0, 123, 259, 410, 551, 685, 825, 941) 127 977 3421
t GAS 6 3 - 5387 (0, 136, 266, 411, 560, 704, 848, 974, 1092) 152 1084 4150
t GAS 7 0 - 3732 (0, 110, 260, 391, 541, 682, 828) 115 789 2827
t GAS 7 1 - 4613 (0, 125, 252, 409, 556, 709, 848, 966) 140 924 3549
t GAS 7 2 - 5492 (0, 118, 251, 397, 532, 691, 825, 951, 1086) 138 1210 4143
t GAS 7 3 - 6360 (0, 126, 277, 424, 569, 714, 853, 974, 1096, 1226) 165 1318 4876
t GAS 8 0 - 4679 (0, 108, 251, 394, 524, 680, 827, 958) 125 1007 3545
t GAS 8 1 - 5567 (0, 132, 272, 420, 562, 710, 847, 994, 1108) 159 1099 4308
t GAS 8 2 - 6453 (0, 137, 276, 417, 552, 691, 853, 1004, 1127, 1253) 174 1292 4987
t GAS 8 3 - 7354 (0, 138, 277, 416, 545, 694, 845, 985, 1120, 1240, 1357) 174 1587 5592
t GYN 0 0 - 480 () 480 0 0
t GYN 0 1 - 359 (0,) 359 0 0
t GYN 0 2 - 250 (0, 179) 239 10 0
t GYN 0 3 - 244 (0, 145, 299) 130 60 53
t GYN 1 0 - 400 (0,) 400 0 0
t GYN 1 1 - 281 (0, 179) 280 1 0
t GYN 1 2 - 225 (0, 114, 280) 165 35 24
t GYN 1 3 - 478 (0, 69, 208, 359) 85 169 223
t GYN 2 0 - 330 (0, 129) 322 8 0
t GYN 2 1 - 232 (0, 130, 269) 204 16 11
t GYN 2 2 - 365 (0, 90, 186, 325) 107 129 129
t GYN 2 3 - 896 (0, 57, 135, 266, 391) 56 367 472
t GYN 3 0 - 263 (0, 130, 259) 242 20 0
t GYN 3 1 - 298 (0, 91, 194, 300) 134 104 59
t GYN 3 2 - 710 (0, 69, 150, 250, 368) 71 294 345
t GYN 3 3 - 1445 (0, 63, 143, 240, 371, 482) 69 438 937
t GYN 4 0 - 265 (0, 99, 229, 343) 170 61 33
t GYN 4 1 - 558 (0, 74, 163, 254, 359) 89 236 231
t GYN 4 2 - 1223 (0, 58, 147, 232, 335, 447) 69 421 732
t GYN 4 3 - 2029 (0, 65, 152, 222, 330, 454, 574) 82 550 1396
t GYN 5 0 - 447 (0, 91, 179, 285, 373) 112 192 142
t GYN 5 1 - 1011 (0, 59, 147, 230, 319, 420) 70 410 530
t GYN 5 2 - 1801 (0, 74, 152, 231, 325, 424, 536) 83 521 1197
t GYN 5 3 - 2604 (0, 62, 140, 230, 305, 409, 537, 654) 89 694 1820
t GYN 6 0 - 821 (0, 70, 155, 244, 330, 415) 77 386 356
t GYN 6 1 - 1577 (0, 66, 157, 248, 327, 397, 501) 80 521 975
t GYN 6 2 - 2387 (0, 69, 161, 237, 333, 415, 515, 633) 99 609 1678
t GYN 6 3 - 3198 (0, 76, 154, 246, 330, 414, 517, 637, 757) 113 742 2342
t GYN 7 0 - 1359 (0, 63, 148, 239, 323, 410, 496) 78 521 759
t GYN 7 1 - 2164 (0, 55, 138, 232, 322, 400, 475, 578) 83 695 1385
t GYN 7 2 - 2973 (0, 78, 155, 251, 337, 419, 507, 614, 725) 116 704 2152
t GYN 7 3 - 3788 (0, 76, 162, 243, 334, 423, 504, 611, 730, 852) 128 843 2816
t GYN 8 0 - 1954 (0, 65, 138, 226, 318, 409, 481, 558) 78 715 1160
t GYN 8 1 - 2764 (0, 69, 142, 214, 324, 402, 499, 569, 667) 96 817 1850
t GYN 8 2 - 3573 (0, 78, 168, 251, 330, 416, 507, 590, 684, 806) 122 870 2580
t GYN 8 3 - 4384 (0, 65, 148, 239, 317, 414, 510, 584, 698, 804, 914) 129 1039 3215
t MED 0 0 - 480 () 480 0 0
t MED 0 1 - 359 (0,) 359 0 0
t MED 0 2 - 250 (0, 179) 240 10 0
t MED 0 3 - 244 (0, 142, 305) 131 57 56
t MED 1 0 - 399 (0,) 399 0 0
t MED 1 1 - 284 (0, 179) 280 4 0
t MED 1 2 - 247 (0, 124, 290) 166 45 35
t MED 1 3 - 525 (0, 68, 205, 353) 86 208 231
t MED 2 0 - 331 (0, 146) 319 12 0
t MED 2 1 - 261 (0, 127, 274) 203 37 20
t MED 2 2 - 451 (0, 81, 193, 333) 112 173 166
t MED 2 3 - 1019 (0, 59, 157, 284, 413) 72 377 569
t MED 3 0 - 285 (0, 147, 293) 242 27 15
t MED 3 1 - 402 (0, 101, 208, 317) 142 141 117
t MED 3 2 - 869 (0, 67, 141, 246, 377) 80 382 406
t MED 3 3 - 1627 (0, 59, 133, 240, 371, 486) 78 551 997
t MED 4 0 - 380 (0, 92, 198, 340) 173 132 74
t MED 4 1 - 748 (0, 73, 159, 246, 357) 98 349 300
t MED 4 2 - 1445 (0, 59, 138, 216, 320, 441) 74 590 780
t MED 4 3 - 2278 (0, 54, 130, 221, 336, 459, 576) 92 714 1471
t MED 5 0 - 655 (0, 75, 175, 268, 354) 120 325 209
t MED 5 1 - 1278 (0, 57, 141, 236, 311, 421) 84 561 633
t MED 5 2 - 2086 (0, 51, 139, 231, 303, 414, 539) 92 729 1264
t MED 5 3 - 2919 (0, 53, 145, 230, 312, 433, 546, 679) 112 840 1966
t MED 6 0 - 1104 (0, 77, 158, 263, 341, 427) 100 492 510
t MED 6 1 - 1908 (0, 64, 147, 222, 316, 384, 491) 88 768 1051
t MED 6 2 - 2737 (0, 68, 151, 250, 333, 407, 508, 637) 114 842 1780
t MED 6 3 - 3579 (0, 72, 142, 232, 326, 413, 523, 643, 760) 126 1009 2442
t MED 7 0 - 1692 (0, 66, 155, 247, 332, 406, 479) 92 728 871
t MED 7 1 - 2559 (0, 68, 142, 247, 334, 415, 484, 588) 109 888 1561
t MED 7 2 - 3387 (0, 64, 145, 244, 344, 429, 503, 631, 747) 141 932 2313
t MED 7 3 - 4250 (0, 76, 162, 250, 347, 428, 504, 620, 746, 884) 156 1100 2993
t MED 8 0 - 2345 (0, 75, 164, 247, 340, 428, 509, 592) 117 828 1399
t MED 8 1 - 3220 (0, 78, 161, 243, 334, 421, 511, 586, 697) 132 1005 2081
t MED 8 2 - 4074 (0, 69, 171, 253, 330, 419, 504, 587, 708, 825) 148 1171 2755
t MED 8 3 - 4922 (0, 74, 148, 240, 331, 415, 512, 580, 712, 840, 967) 165 1317 3439
t ORT 0 0 - 480 () 480 0 0
t ORT 0 1 - 359 (0,) 359 0 0
t ORT 0 2 - 250 (0, 179) 239 10 0
t ORT 0 3 - 246 (0, 146, 299) 130 60 55
t ORT 1 0 - 338 (0,) 338 0 0
t ORT 1 1 - 237 (0, 179) 218 17 0
t ORT 1 2 - 255 (0, 158, 313) 113 66 75
t ORT 1 3 - 695 (0, 125, 248, 372) 54 263 377
t ORT 2 0 - 208 (0, 199) 197 9 1
t ORT 2 1 - 277 (0, 154, 318) 96 81 99
t ORT 2 2 - 779 (0, 128, 265, 391) 48 268 462
t ORT 2 3 - 1552 (0, 131, 266, 398, 514) 57 390 1103
t ORT 3 0 - 305 (0, 146, 312) 81 90 133
t ORT 3 1 - 864 (0, 124, 271, 407) 45 272 547
t ORT 3 2 - 1656 (0, 125, 270, 406, 534) 54 404 1197
t ORT 3 3 - 2473 (0, 127, 260, 411, 534, 654) 65 558 1849
t ORT 4 0 - 967 (0, 122, 259, 400) 39 296 631
t ORT 4 1 - 1758 (0, 119, 264, 402, 539) 48 439 1270
t ORT 4 2 - 2580 (0, 131, 272, 428, 568, 675) 69 527 1983
t ORT 4 3 - 3399 (0, 135, 285, 427, 569, 700, 817) 88 635 2674
t ORT 5 0 - 1869 (0, 126, 272, 414, 558) 56 390 1422
t ORT 5 1 - 2682 (0, 128, 279, 426, 577, 708) 74 495 2112
t ORT 5 2 - 3500 (0, 133, 270, 420, 577, 715, 830) 84 656 2759
t ORT 5 3 - 4330 (0, 141, 288, 439, 595, 736, 854, 976) 109 731 3489
t ORT 6 0 - 2791 (0, 120, 265, 416, 567, 705) 68 529 2193
t ORT 6 1 - 3613 (0, 128, 269, 417, 569, 723, 843) 81 673 2858
t ORT 6 2 - 4436 (0, 134, 282, 432, 574, 726, 863, 980) 99 796 3541
t ORT 6 3 - 5277 (0, 129, 278, 430, 580, 741, 868, 986, 1102) 110 966 4201
t ORT 7 0 - 3713 (0, 122, 270, 424, 571, 715, 845) 80 671 2961
t ORT 7 1 - 4538 (0, 134, 284, 433, 585, 738, 874, 1018) 106 740 3691
t ORT 7 2 - 5375 (0, 143, 298, 435, 594, 747, 899, 1041, 1148) 126 853 4396
t ORT 7 3 - 6210 (0, 142, 282, 440, 594, 745, 888, 1037, 1153, 1283) 136 1028 5045
t ORT 8 0 - 4640 (0, 126, 276, 431, 583, 724, 876, 1017) 103 755 3781
t ORT 8 1 - 5475 (0, 124, 266, 415, 567, 733, 877, 1020, 1147) 109 954 4411
t ORT 8 2 - 6313 (0, 142, 286, 429, 597, 755, 898, 1050, 1174, 1296) 138 1021 5153
t ORT 8 3 - 7162 (0, 124, 276, 427, 587, 744, 880, 1051, 1171, 1289, 1411) 140 1253 5768
t URO 0 0 - 480 () 480 0 0
t URO 0 1 - 359 (0,) 359 0 0
t URO 0 2 - 250 (0, 179) 239 10 0
t URO 0 3 - 246 (0, 145, 309) 132 53 60
t URO 1 0 - 408 (0,) 408 0 0
t URO 1 1 - 288 (0, 175) 288 0 0
t URO 1 2 - 213 (0, 103, 274) 171 23 18
t URO 1 3 - 421 (0, 60, 202, 347) 84 151 184
t URO 2 0 - 342 (0, 109) 336 6 0
t URO 2 1 - 228 (0, 110, 245) 216 8 3
t URO 2 2 - 288 (0, 85, 167, 310) 111 95 81
t URO 2 3 - 754 (0, 66, 128, 259, 394) 59 274 420
t URO 3 0 - 278 (0, 109, 219) 264 14 0
t URO 3 1 - 226 (0, 99, 197, 297) 150 42 33
t URO 3 2 - 527 (0, 63, 136, 232, 356) 72 213 241
t URO 3 3 - 1215 (0, 67, 129, 204, 317, 462) 56 396 762
t URO 4 0 - 219 (0, 110, 220, 328) 192 23 3
t URO 4 1 - 362 (0, 73, 148, 237, 329) 93 159 109
t URO 4 2 - 923 (0, 55, 139, 209, 302, 397) 54 353 514
t URO 4 3 - 1703 (0, 63, 132, 201, 296, 410, 534) 66 467 1170
t URO 5 0 - 260 (0, 82, 164, 270, 368) 126 98 34
t URO 5 1 - 679 (0, 68, 142, 224, 292, 392) 66 275 336
t URO 5 2 - 1407 (0, 60, 134, 198, 278, 376, 482) 59 452 895
t URO 5 3 - 2206 (0, 72, 144, 215, 283, 373, 491, 609) 75 554 1576
t URO 6 0 - 469 (0, 71, 151, 233, 316, 397) 79 234 155
t URO 6 1 - 1131 (0, 65, 138, 217, 283, 356, 452) 58 417 655
t URO 6 2 - 1915 (0, 70, 140, 209, 280, 361, 450, 568) 70 531 1313
t URO 6 3 - 2710 (0, 65, 138, 223, 297, 362, 467, 576, 697) 90 611 2009
t URO 7 0 - 874 (0, 56, 144, 216, 295, 376, 446) 60 390 423
t URO 7 1 - 1620 (0, 41, 131, 215, 283, 360, 453, 522) 64 515 1039
t URO 7 2 - 2415 (0, 66, 138, 230, 305, 367, 454, 544, 663) 90 552 1772
t URO 7 3 - 3219 (0, 62, 129, 214, 296, 374, 440, 544, 665, 794) 104 674 2440
t URO 8 0 - 1366 (0, 59, 140, 219, 298, 372, 452, 515) 66 491 809
t URO 8 1 - 2140 (0, 65, 137, 224, 309, 381, 453, 522, 624) 85 544 1510
t URO 8 2 - 2931 (0, 72, 134, 219, 312, 385, 464, 521, 627, 733) 98 660 2172
t URO 8 3 - 3723 (0, 53, 136, 209, 301, 373, 450, 530, 629, 733, 850) 105 807 2810
